0 0.930757 0.906667 0.138486 0.186667
0 0.067633 0.786667 0.135266 0.426667
0 0.299114 0.600000 0.095813 0.181333
0 0.354670 0.565333 0.044283 0.128000
0 0.381240 0.546667 0.031401 0.101333
0 0.400564 0.532000 0.028180 0.082667
0 0.674316 0.466667 0.073269 0.106667
0 0.657407 0.453333 0.042673 0.080000
0 0.636473 0.468000 0.036232 0.088000
0 0.954509 0.413333 0.090982 0.112000
0 0.896135 0.418667 0.043478 0.090667
0 0.874396 0.421333 0.035427 0.069333
0 0.854267 0.417333 0.045089 0.077333
0 0.419485 0.514667 0.027375 0.069333
0 0.549517 0.501333 0.028180 0.080000