0 0.862721 0.750667 0.274557 0.498667
0 0.107890 0.758667 0.215781 0.456000
0 0.324074 0.581333 0.081320 0.154667
0 0.369565 0.556000 0.037037 0.114667
0 0.392512 0.540000 0.026570 0.093333
0 0.409018 0.528000 0.024155 0.080000
0 0.668680 0.472000 0.076490 0.096000
0 0.646940 0.450667 0.036232 0.064000
0 0.628824 0.470667 0.033816 0.082667
0 0.930354 0.424000 0.099034 0.101333
0 0.869968 0.430667 0.039452 0.088000
0 0.849839 0.434667 0.034622 0.074667
0 0.835346 0.432000 0.042673 0.080000
0 0.547101 0.500000 0.024960 0.077333