0 0.038245 0.856000 0.076490 0.288000
0 0.283414 0.613333 0.106280 0.197333
0 0.345008 0.573333 0.049114 0.133333
0 0.375201 0.552000 0.033816 0.106667
0 0.395733 0.536000 0.029791 0.085333
0 0.687601 0.468000 0.088567 0.114667
0 0.663043 0.460000 0.044283 0.093333
0 0.639694 0.469333 0.037842 0.090667
0 0.962158 0.412000 0.075684 0.114667
0 0.909823 0.414667 0.049919 0.088000
0 0.878019 0.429333 0.031401 0.080000
0 0.864332 0.425333 0.049114 0.088000
0 0.416264 0.518667 0.027375 0.072000
0 0.550725 0.504000 0.028986 0.080000