0 0.889291 0.772000 0.221417 0.456000
0 0.090177 0.773333 0.180354 0.453333
0 0.312802 0.593333 0.087762 0.168000
0 0.361514 0.561333 0.041868 0.125333
0 0.386876 0.544000 0.028180 0.101333
0 0.404992 0.530667 0.025765 0.080000
0 0.660225 0.470667 0.051530 0.098667
0 0.653784 0.450667 0.040258 0.064000
0 0.632850 0.469333 0.035427 0.085333
0 0.946055 0.417333 0.101449 0.104000
0 0.881240 0.426667 0.041063 0.090667
0 0.859903 0.432000 0.035427 0.074667
0 0.845813 0.425333 0.044283 0.082667
0 0.422303 0.514667 0.026570 0.069333
0 0.548309 0.501333 0.025765 0.074667