0 0.135668 0.762667 0.271337 0.474667
0 0.899356 0.462667 0.201288 0.232000
0 0.977456 0.392000 0.045089 0.058667
0 0.376812 0.573333 0.051530 0.154667
0 0.314412 0.616000 0.105475 0.234667
0 0.604670 0.517333 0.056361 0.122667
0 0.407005 0.541333 0.037842 0.122667
0 0.431159 0.529333 0.023349 0.082667
0 0.528986 0.516000 0.030596 0.077333
0 0.613929 0.502667 0.089372 0.088000
0 0.564412 0.498667 0.030596 0.069333
0 0.546296 0.464000 0.023349 0.026667
0 0.483494 0.474667 0.036232 0.037333
0 0.398551 0.476000 0.025765 0.024000