0 0.062802 0.794667 0.125604 0.410667
0 0.958535 0.477333 0.082931 0.277333
0 0.354670 0.613333 0.073269 0.197333
0 0.232287 0.698667 0.210145 0.352000
0 0.637279 0.541333 0.071659 0.154667
0 0.398953 0.568000 0.049114 0.144000
0 0.429549 0.552000 0.028180 0.096000
0 0.438003 0.533333 0.028986 0.080000
0 0.541868 0.534667 0.033816 0.088000
0 0.644122 0.529333 0.106280 0.088000
0 0.562399 0.524000 0.026570 0.077333
0 0.580515 0.513333 0.032206 0.072000
0 0.566023 0.472000 0.022544 0.026667
0 0.475040 0.486667 0.033816 0.040000