0 0.082528 0.786667 0.165056 0.426667
0 0.946055 0.473333 0.107890 0.290667
0 0.359903 0.604000 0.067633 0.189333
0 0.254026 0.680000 0.182770 0.320000
0 0.631240 0.536000 0.067633 0.149333
0 0.401369 0.562667 0.045894 0.138667
0 0.430354 0.546667 0.028180 0.096000
0 0.438808 0.529333 0.027375 0.077333
0 0.539452 0.528000 0.033816 0.085333
0 0.638486 0.524000 0.103060 0.088000
0 0.559179 0.518667 0.026570 0.072000
0 0.578905 0.510667 0.030596 0.072000
0 0.553140 0.472000 0.027375 0.026667
0 0.462963 0.484000 0.032206 0.034667