0 0.128422 0.765333 0.256844 0.469333
0 0.906602 0.464000 0.186795 0.245333
0 0.988728 0.393333 0.022544 0.045333
0 0.374396 0.577333 0.054750 0.157333
0 0.306763 0.622667 0.115942 0.248000
0 0.609501 0.521333 0.057971 0.130667
0 0.404992 0.542667 0.040258 0.125333
0 0.431159 0.532000 0.024960 0.082667
0 0.530596 0.517333 0.030596 0.080000
0 0.618357 0.505333 0.091787 0.093333
0 0.567633 0.501333 0.030596 0.069333
0 0.553140 0.462667 0.022544 0.024000
0 0.498792 0.474667 0.036232 0.037333
0 0.411031 0.478667 0.029791 0.029333