0 0.119968 0.782667 0.239936 0.434667
0 0.980274 0.568000 0.039452 0.293333
0 0.909823 0.536000 0.135266 0.261333
0 0.830918 0.517333 0.096618 0.213333
0 0.778986 0.506667 0.087762 0.170667
0 0.742754 0.504000 0.055556 0.133333
0 0.726248 0.465333 0.059581 0.072000
0 0.667472 0.629333 0.140097 0.320000
0 0.596618 0.573333 0.046699 0.170667
0 0.363929 0.580000 0.096618 0.210667
0 0.657810 0.456000 0.067633 0.064000
0 0.443237 0.529333 0.015298 0.114667
0 0.451691 0.513333 0.019324 0.093333
0 0.492754 0.489333 0.033816 0.056000