0 0.495572 0.524000 0.037842 0.109333
0 0.017311 0.641333 0.034622 0.269333
0 0.894525 0.724000 0.210950 0.552000
0 0.755636 0.616000 0.147343 0.320000
0 0.660225 0.585333 0.101449 0.232000
0 0.623591 0.553333 0.087762 0.194667
0 0.578502 0.549333 0.021739 0.138667
0 0.584138 0.524000 0.053945 0.141333
0 0.555556 0.516000 0.019324 0.093333
0 0.423913 0.506667 0.020129 0.053333
0 0.547101 0.501333 0.033011 0.074667
0 0.529388 0.494667 0.016908 0.061333
0 0.401369 0.492000 0.024960 0.050667
0 0.379227 0.492000 0.014493 0.034667