0 0.524155 0.650667 0.122383 0.368000
0 0.882850 0.718667 0.234300 0.562667
0 0.615942 0.525333 0.086957 0.138667
0 0.571256 0.497333 0.023349 0.066667
0 0.555958 0.473333 0.010467 0.013333
0 0.028986 0.624000 0.057971 0.261333
0 0.485105 0.481333 0.016908 0.034667
0 0.154992 0.596000 0.118357 0.168000
0 0.325282 0.526667 0.048309 0.088000
0 0.353462 0.510667 0.032206 0.088000
0 0.390499 0.498667 0.028986 0.058667
0 0.430757 0.490667 0.025765 0.042667
0 0.236715 0.521333 0.053140 0.088000
0 0.212963 0.509333 0.026570 0.064000