0 0.522947 0.648000 0.118357 0.357333
0 0.877214 0.720000 0.245572 0.560000
0 0.614734 0.526667 0.086151 0.136000
0 0.569243 0.508000 0.024155 0.082667
0 0.553945 0.472000 0.012882 0.016000
0 0.032206 0.621333 0.064412 0.256000
0 0.486312 0.480000 0.016103 0.032000
0 0.158615 0.593333 0.117552 0.162667
0 0.326490 0.526667 0.047504 0.088000
0 0.353865 0.509333 0.033011 0.085333
0 0.390499 0.498667 0.028986 0.058667
0 0.431159 0.492000 0.024960 0.045333
0 0.237923 0.521333 0.053945 0.088000
0 0.216989 0.506667 0.023349 0.058667