0 0.507649 0.576000 0.073269 0.224000
0 0.653382 0.564000 0.123188 0.226667
0 0.578502 0.504000 0.055556 0.101333
0 0.546699 0.493333 0.014493 0.069333
0 0.537037 0.486667 0.011272 0.050667
0 0.063205 0.620000 0.126409 0.290667
0 0.177939 0.568000 0.101449 0.176000
0 0.267311 0.546667 0.061192 0.106667
0 0.356683 0.508000 0.038647 0.066667
0 0.377214 0.497333 0.024960 0.072000
0 0.404589 0.490667 0.024960 0.053333
0 0.438003 0.484000 0.019324 0.040000
0 0.975443 0.549333 0.049114 0.117333
0 0.120773 0.510667 0.028986 0.050667