0 0.537842 0.704000 0.156200 0.474667
0 0.972222 0.781333 0.055556 0.437333
0 0.632448 0.533333 0.090982 0.154667
0 0.580918 0.480000 0.026570 0.032000
0 0.558776 0.474667 0.019324 0.016000
0 0.423510 0.506667 0.027375 0.058667
0 0.111916 0.612000 0.144928 0.189333
0 0.477858 0.484000 0.020129 0.040000
0 0.313607 0.530667 0.057166 0.096000
0 0.347424 0.510667 0.034622 0.093333
0 0.386876 0.500000 0.031401 0.061333
0 0.435990 0.493333 0.012077 0.042667
0 0.220612 0.528000 0.057971 0.101333
0 0.196457 0.510667 0.028986 0.066667