0 0.510467 0.585333 0.083736 0.253333
0 0.700483 0.589333 0.162641 0.293333
0 0.591385 0.502667 0.070048 0.109333
0 0.553140 0.492000 0.020934 0.077333
0 0.543881 0.472000 0.012077 0.032000
0 0.022142 0.614667 0.044283 0.285333
0 0.126409 0.580000 0.130435 0.210667
0 0.237118 0.550667 0.078100 0.120000
0 0.346618 0.505333 0.042673 0.072000
0 0.369968 0.494667 0.026570 0.077333
0 0.400161 0.486667 0.025765 0.056000
0 0.434380 0.480000 0.023349 0.042667
0 0.276973 0.501333 0.035427 0.074667
0 0.053945 0.512000 0.062802 0.058667