0 0.496377 0.529333 0.044283 0.130667
0 0.189614 0.644000 0.145733 0.237333
0 0.780998 0.648000 0.212560 0.384000
0 0.637279 0.562667 0.108696 0.192000
0 0.607488 0.541333 0.061997 0.149333
0 0.600644 0.518667 0.061192 0.141333
0 0.533414 0.500000 0.010467 0.082667
0 0.527778 0.488000 0.010467 0.053333
0 0.313607 0.516000 0.052335 0.104000
0 0.347826 0.510667 0.024155 0.077333
0 0.369968 0.509333 0.021739 0.058667
0 0.400966 0.493333 0.022544 0.042667
0 0.289855 0.508000 0.024155 0.066667
0 0.077697 0.521333 0.023349 0.077333