0 0.506039 0.574667 0.071659 0.216000
0 0.635668 0.560000 0.100644 0.213333
0 0.573269 0.506667 0.051530 0.096000
0 0.546296 0.496000 0.016908 0.064000
0 0.535427 0.490667 0.011272 0.053333
0 0.073671 0.612000 0.147343 0.274667
0 0.192432 0.566667 0.096618 0.168000
0 0.272142 0.546667 0.064412 0.101333
0 0.358293 0.510667 0.035427 0.072000
0 0.378824 0.500000 0.024960 0.072000
0 0.404992 0.493333 0.024155 0.053333
0 0.438003 0.488000 0.019324 0.037333
0 0.963366 0.548000 0.073269 0.114667
0 0.137681 0.518667 0.024155 0.061333