0 0.535829 0.700000 0.153784 0.466667
0 0.958535 0.724000 0.082931 0.552000
0 0.630032 0.532000 0.089372 0.152000
0 0.581723 0.484000 0.021739 0.034667
0 0.562802 0.474667 0.020934 0.016000
0 0.444042 0.497333 0.023349 0.050667
0 0.116747 0.613333 0.143317 0.186667
0 0.489936 0.480000 0.018519 0.037333
0 0.314412 0.532000 0.057166 0.093333
0 0.347826 0.512000 0.035427 0.090667
0 0.387681 0.500000 0.031401 0.061333
0 0.427536 0.494667 0.022544 0.045333
0 0.222625 0.528000 0.058776 0.101333
0 0.198470 0.509333 0.029791 0.064000