0 0.521739 0.644000 0.114332 0.349333
0 0.872383 0.721333 0.255233 0.557333
0 0.613929 0.526667 0.084541 0.136000
0 0.569646 0.508000 0.023349 0.082667
0 0.553945 0.474667 0.011272 0.016000
0 0.035427 0.618667 0.070853 0.250667
0 0.487520 0.478667 0.015298 0.029333
0 0.162641 0.592000 0.114332 0.160000
0 0.328502 0.525333 0.045089 0.085333
0 0.354267 0.509333 0.032206 0.085333
0 0.390902 0.498667 0.028180 0.058667
0 0.431159 0.490667 0.024960 0.042667
0 0.233494 0.521333 0.041868 0.088000
0 0.219807 0.505333 0.020934 0.056000