0 0.526973 0.661333 0.129630 0.389333
0 0.900564 0.721333 0.198873 0.557333
0 0.619565 0.524000 0.087762 0.141333
0 0.572464 0.493333 0.025765 0.064000
0 0.564815 0.468000 0.015298 0.013333
0 0.019726 0.633333 0.039452 0.269333
0 0.479871 0.480000 0.016103 0.037333
0 0.143720 0.598667 0.124799 0.173333
0 0.321256 0.525333 0.053140 0.090667
0 0.352254 0.508000 0.033011 0.088000
0 0.389694 0.496000 0.030596 0.058667
0 0.430757 0.489333 0.025765 0.045333
0 0.232287 0.522667 0.055556 0.096000
0 0.208132 0.509333 0.029791 0.064000