0 0.524960 0.656000 0.123994 0.373333
0 0.888084 0.716000 0.223833 0.568000
0 0.617150 0.526667 0.086151 0.141333
0 0.570853 0.505333 0.027375 0.082667
0 0.555153 0.470667 0.013688 0.013333
0 0.025362 0.628000 0.050725 0.264000
0 0.483494 0.482667 0.016908 0.037333
0 0.150966 0.598667 0.121578 0.168000
0 0.323671 0.526667 0.049919 0.088000
0 0.353060 0.508000 0.033011 0.088000
0 0.389694 0.500000 0.028986 0.061333
0 0.431159 0.489333 0.024960 0.045333
0 0.234300 0.522667 0.051530 0.090667
0 0.212158 0.510667 0.026570 0.066667