0 0.537440 0.704000 0.157005 0.474667
0 0.966586 0.753333 0.066828 0.493333
0 0.631240 0.532000 0.090177 0.152000
0 0.579308 0.482667 0.028180 0.032000
0 0.557166 0.476000 0.020934 0.013333
0 0.436393 0.501333 0.025765 0.053333
0 0.114332 0.612000 0.143317 0.189333
0 0.485105 0.481333 0.020129 0.040000
0 0.314010 0.530667 0.056361 0.096000
0 0.347826 0.512000 0.033816 0.090667
0 0.387279 0.500000 0.030596 0.061333
0 0.423913 0.493333 0.013688 0.042667
0 0.215781 0.528000 0.046699 0.101333
0 0.198068 0.510667 0.030596 0.066667