0 0.535427 0.698667 0.152979 0.464000
0 0.955717 0.718667 0.088567 0.562667
0 0.629630 0.532000 0.090177 0.152000
0 0.581320 0.484000 0.022544 0.040000
0 0.559984 0.472000 0.024960 0.016000
0 0.447262 0.497333 0.023349 0.050667
0 0.117150 0.613333 0.142512 0.186667
0 0.491948 0.477333 0.017713 0.032000
0 0.314815 0.532000 0.056361 0.093333
0 0.346618 0.512000 0.037842 0.090667
0 0.387279 0.501333 0.032206 0.058667
0 0.427536 0.492000 0.024155 0.045333
0 0.216989 0.528000 0.045894 0.101333
0 0.198873 0.510667 0.028986 0.066667