0 0.537842 0.704000 0.156200 0.474667
0 0.972222 0.780000 0.055556 0.440000
0 0.632448 0.532000 0.090982 0.152000
0 0.579710 0.478667 0.025765 0.029333
0 0.564412 0.476000 0.012882 0.013333
0 0.420290 0.508000 0.028986 0.061333
0 0.111916 0.612000 0.146538 0.189333
0 0.475845 0.484000 0.020934 0.045333
0 0.313205 0.530667 0.056361 0.096000
0 0.347021 0.510667 0.035427 0.093333
0 0.386473 0.500000 0.030596 0.061333
0 0.435185 0.490667 0.015298 0.042667
0 0.220612 0.528000 0.057971 0.101333
0 0.197665 0.509333 0.029791 0.069333