0 0.536232 0.701333 0.154589 0.469333
0 0.961755 0.733333 0.076490 0.533333
0 0.630837 0.532000 0.090982 0.152000
0 0.579710 0.481333 0.025765 0.034667
0 0.559581 0.473333 0.017713 0.013333
0 0.440821 0.500000 0.023349 0.050667
0 0.116345 0.613333 0.142512 0.186667
0 0.488325 0.481333 0.018519 0.040000
0 0.314010 0.530667 0.056361 0.096000
0 0.347424 0.512000 0.034622 0.090667
0 0.387681 0.501333 0.031401 0.064000
0 0.427939 0.493333 0.021739 0.042667
0 0.222625 0.528000 0.058776 0.101333
0 0.197262 0.509333 0.028986 0.064000