0 0.535427 0.696000 0.151369 0.458667
0 0.953301 0.718667 0.093398 0.562667
0 0.629630 0.532000 0.090177 0.152000
0 0.581320 0.481333 0.020934 0.029333
0 0.559179 0.473333 0.023349 0.013333
0 0.450081 0.494667 0.022544 0.045333
0 0.119163 0.610667 0.141707 0.186667
0 0.493156 0.476000 0.018519 0.029333
0 0.314815 0.530667 0.056361 0.090667
0 0.348229 0.512000 0.034622 0.090667
0 0.387681 0.500000 0.031401 0.061333
0 0.430354 0.492000 0.024960 0.045333
0 0.223430 0.526667 0.057166 0.098667
0 0.198470 0.510667 0.028180 0.066667