0 0.496779 0.533333 0.045089 0.133333
0 0.127617 0.686667 0.197262 0.290667
0 0.814412 0.660000 0.229469 0.466667
0 0.652979 0.574667 0.127214 0.205333
0 0.613527 0.554667 0.064412 0.160000
0 0.607488 0.525333 0.066828 0.144000
0 0.535024 0.508000 0.012077 0.082667
0 0.530193 0.492000 0.012077 0.056000
0 0.309179 0.521333 0.053140 0.104000
0 0.346216 0.516000 0.024155 0.077333
0 0.368760 0.512000 0.022544 0.058667
0 0.398953 0.497333 0.021739 0.045333
0 0.286634 0.509333 0.019324 0.058667
0 0.066828 0.521333 0.025765 0.082667