0 0.534622 0.693333 0.149758 0.453333
0 0.950081 0.720000 0.099839 0.560000
0 0.628824 0.530667 0.091787 0.149333
0 0.579710 0.485333 0.022544 0.042667
0 0.561192 0.470667 0.022544 0.013333
0 0.452899 0.492000 0.021739 0.045333
0 0.120370 0.610667 0.139291 0.186667
0 0.494767 0.472000 0.016908 0.026667
0 0.314815 0.529333 0.056361 0.093333
0 0.347826 0.512000 0.035427 0.090667
0 0.387681 0.500000 0.031401 0.061333
0 0.430354 0.492000 0.026570 0.045333
0 0.218196 0.525333 0.046699 0.101333
0 0.200081 0.508000 0.029791 0.066667