0 0.527778 0.664000 0.131240 0.400000
0 0.906602 0.718667 0.186795 0.562667
0 0.621176 0.522667 0.089372 0.144000
0 0.574074 0.492000 0.025765 0.061333
0 0.562399 0.469333 0.016908 0.010667
0 0.016103 0.634667 0.032206 0.272000
0 0.477858 0.478667 0.016908 0.040000
0 0.140499 0.597333 0.128019 0.176000
0 0.320048 0.525333 0.053945 0.090667
0 0.351449 0.506667 0.033011 0.090667
0 0.389694 0.496000 0.030596 0.058667
0 0.429952 0.488000 0.025765 0.048000
0 0.231079 0.521333 0.054750 0.098667
0 0.207729 0.508000 0.027375 0.066667