0 0.521337 0.640000 0.111916 0.341333
0 0.863527 0.721333 0.256844 0.557333
0 0.612319 0.525333 0.084541 0.133333
0 0.568438 0.506667 0.024155 0.080000
0 0.555153 0.473333 0.015298 0.018667
0 0.039050 0.614667 0.078100 0.248000
0 0.489130 0.476000 0.015298 0.024000
0 0.166264 0.589333 0.111916 0.160000
0 0.330113 0.525333 0.043478 0.085333
0 0.355072 0.509333 0.032206 0.085333
0 0.390902 0.498667 0.028180 0.058667
0 0.430757 0.490667 0.024155 0.042667
0 0.241143 0.520000 0.049114 0.085333
0 0.223027 0.501333 0.022544 0.053333