0 0.528986 0.668000 0.133655 0.408000
0 0.911433 0.718667 0.177134 0.562667
0 0.621578 0.524000 0.088567 0.146667
0 0.574879 0.488000 0.025765 0.058667
0 0.565620 0.470667 0.013688 0.013333
0 0.013688 0.634667 0.027375 0.277333
0 0.476248 0.481333 0.018519 0.040000
0 0.137279 0.600000 0.131240 0.176000
0 0.318438 0.524000 0.055556 0.093333
0 0.349436 0.506667 0.035427 0.090667
0 0.389291 0.496000 0.029791 0.058667
0 0.429952 0.486667 0.025765 0.045333
0 0.229871 0.520000 0.055556 0.096000
0 0.208535 0.505333 0.028986 0.066667