0 0.537440 0.705333 0.157005 0.477333
0 0.971417 0.780000 0.057166 0.440000
0 0.632045 0.532000 0.090177 0.152000
0 0.576892 0.477333 0.031401 0.026667
0 0.557568 0.474667 0.023349 0.016000
0 0.426731 0.504000 0.027375 0.058667
0 0.112721 0.614667 0.144928 0.189333
0 0.479871 0.482667 0.019324 0.042667
0 0.313607 0.530667 0.057166 0.096000
0 0.347826 0.510667 0.033816 0.093333
0 0.386876 0.500000 0.031401 0.061333
0 0.440016 0.485333 0.005636 0.021333
0 0.221014 0.528000 0.058776 0.101333
0 0.198470 0.509333 0.031401 0.069333