0 0.497182 0.537333 0.045894 0.136000
0 0.086151 0.749333 0.172303 0.373333
0 0.858293 0.716000 0.256039 0.504000
0 0.665862 0.585333 0.138486 0.221333
0 0.620370 0.560000 0.066828 0.165333
0 0.613124 0.529333 0.068438 0.152000
0 0.536232 0.509333 0.012882 0.085333
0 0.530193 0.494667 0.012077 0.056000
0 0.305153 0.526667 0.054750 0.109333
0 0.340982 0.520000 0.028180 0.080000
0 0.365942 0.517333 0.023349 0.058667
0 0.397746 0.500000 0.022544 0.045333
0 0.279388 0.516000 0.022544 0.066667
0 0.055958 0.529333 0.028180 0.077333