0 0.510870 0.584000 0.082931 0.250667
0 0.694847 0.582667 0.157810 0.285333
0 0.590580 0.502667 0.070048 0.109333
0 0.552335 0.490667 0.022544 0.074667
0 0.543076 0.473333 0.015298 0.040000
0 0.028583 0.610667 0.057166 0.277333
0 0.127617 0.577333 0.139291 0.205333
0 0.241143 0.549333 0.076490 0.117333
0 0.347826 0.502667 0.041868 0.072000
0 0.371176 0.493333 0.025765 0.074667
0 0.400564 0.486667 0.026570 0.056000
0 0.434783 0.478667 0.024155 0.040000
0 0.277375 0.498667 0.033011 0.069333
0 0.057971 0.512000 0.049919 0.058667