0 0.537842 0.705333 0.156200 0.477333
0 0.968599 0.764000 0.062802 0.472000
0 0.631240 0.532000 0.090177 0.152000
0 0.577295 0.481333 0.032206 0.029333
0 0.554348 0.474667 0.016908 0.016000
0 0.432367 0.500000 0.025765 0.056000
0 0.113929 0.612000 0.144122 0.189333
0 0.483494 0.481333 0.018519 0.040000
0 0.314010 0.530667 0.056361 0.096000
0 0.348229 0.512000 0.033011 0.090667
0 0.386876 0.500000 0.031401 0.061333
0 0.421498 0.489333 0.012077 0.040000
0 0.220209 0.528000 0.057166 0.101333
0 0.198470 0.512000 0.031401 0.069333