0 0.497182 0.537333 0.045894 0.136000
0 0.045491 0.760000 0.090982 0.336000
0 0.885668 0.732000 0.228663 0.536000
0 0.679147 0.593333 0.147343 0.237333
0 0.629227 0.564000 0.073269 0.173333
0 0.617552 0.530667 0.072464 0.160000
0 0.537440 0.509333 0.013688 0.090667
0 0.531804 0.494667 0.012077 0.056000
0 0.299919 0.525333 0.057166 0.112000
0 0.337762 0.518667 0.029791 0.082667
0 0.363527 0.517333 0.024960 0.058667
0 0.394928 0.500000 0.020129 0.045333
0 0.275362 0.514667 0.024155 0.069333
0 0.043478 0.529333 0.032206 0.082667