0 0.495572 0.525333 0.042673 0.128000
0 0.265700 0.592000 0.095008 0.170667
0 0.730274 0.609333 0.180354 0.306667
0 0.614734 0.545333 0.089372 0.168000
0 0.593800 0.522667 0.052335 0.117333
0 0.592593 0.508000 0.059581 0.125333
0 0.529791 0.498667 0.009662 0.074667
0 0.526167 0.481333 0.012077 0.056000
0 0.323671 0.508000 0.045089 0.082667
0 0.354267 0.506667 0.022544 0.074667
0 0.373994 0.504000 0.023349 0.053333
0 0.401771 0.489333 0.019324 0.040000
0 0.297907 0.493333 0.020934 0.042667
0 0.099436 0.524000 0.015298 0.056000