0 0.508052 0.577333 0.075684 0.226667
0 0.663446 0.568000 0.136876 0.234667
0 0.581320 0.504000 0.059581 0.101333
0 0.547504 0.493333 0.016103 0.069333
0 0.538245 0.486667 0.010467 0.050667
0 0.057568 0.616000 0.115137 0.282667
0 0.170692 0.569333 0.109501 0.178667
0 0.258857 0.545333 0.071659 0.109333
0 0.353865 0.505333 0.036232 0.066667
0 0.376409 0.496000 0.024960 0.074667
0 0.403784 0.489333 0.024960 0.050667
0 0.437198 0.484000 0.020934 0.040000
0 0.988325 0.550667 0.023349 0.120000
0 0.112721 0.510667 0.032206 0.050667