0 0.526167 0.658667 0.126409 0.384000
0 0.894525 0.720000 0.210950 0.560000
0 0.618760 0.525333 0.087762 0.144000
0 0.574879 0.493333 0.022544 0.064000
0 0.561997 0.468000 0.016103 0.013333
0 0.022544 0.630667 0.045089 0.269333
0 0.481481 0.480000 0.016103 0.037333
0 0.147343 0.598667 0.123994 0.168000
0 0.322866 0.525333 0.051530 0.090667
0 0.352657 0.508000 0.033816 0.088000
0 0.389694 0.498667 0.028986 0.058667
0 0.431159 0.489333 0.024960 0.045333
0 0.228663 0.522667 0.043478 0.090667
0 0.208937 0.509333 0.028180 0.064000