0 0.537037 0.701333 0.154589 0.469333
0 0.964171 0.746667 0.071659 0.506667
0 0.630837 0.532000 0.089372 0.152000
0 0.576892 0.481333 0.033011 0.029333
0 0.553945 0.474667 0.016103 0.016000
0 0.438003 0.498667 0.024155 0.053333
0 0.114734 0.612000 0.142512 0.189333
0 0.486312 0.481333 0.019324 0.040000
0 0.314010 0.530667 0.056361 0.096000
0 0.347826 0.512000 0.033816 0.090667
0 0.386876 0.500000 0.031401 0.061333
0 0.425926 0.493333 0.017713 0.042667
0 0.222222 0.528000 0.057971 0.101333
0 0.197665 0.509333 0.029791 0.064000