0 0.537440 0.704000 0.155395 0.474667
0 0.971820 0.780000 0.056361 0.440000
0 0.632448 0.533333 0.090982 0.154667
0 0.577697 0.480000 0.031401 0.032000
0 0.559179 0.476000 0.007246 0.013333
0 0.417472 0.508000 0.028180 0.061333
0 0.112319 0.614667 0.145733 0.189333
0 0.474235 0.485333 0.020934 0.042667
0 0.313205 0.530667 0.056361 0.096000
0 0.347826 0.510667 0.033816 0.093333
0 0.387279 0.500000 0.032206 0.061333
0 0.433575 0.493333 0.018519 0.048000
0 0.221014 0.528000 0.058776 0.101333
0 0.196055 0.510667 0.026570 0.066667