0 0.506441 0.576000 0.072464 0.218667
0 0.644122 0.561333 0.111111 0.221333
0 0.576087 0.505333 0.053945 0.098667
0 0.545089 0.496000 0.014493 0.069333
0 0.536634 0.488000 0.012077 0.048000
0 0.068841 0.617333 0.137681 0.285333
0 0.185990 0.568000 0.099839 0.170667
0 0.268519 0.548000 0.065217 0.104000
0 0.357488 0.509333 0.037037 0.069333
0 0.378019 0.498667 0.024960 0.069333
0 0.404992 0.490667 0.024155 0.053333
0 0.437601 0.486667 0.018519 0.040000
0 0.968196 0.550667 0.063607 0.114667
0 0.130032 0.510667 0.024960 0.045333