0 0.510870 0.588000 0.084541 0.253333
0 0.706119 0.592000 0.165862 0.304000
0 0.591787 0.505333 0.069243 0.109333
0 0.553543 0.490667 0.021739 0.074667
0 0.543881 0.474667 0.013688 0.042667
0 0.016506 0.618667 0.033011 0.277333
0 0.109903 0.582667 0.153784 0.216000
0 0.233494 0.552000 0.080515 0.122667
0 0.345008 0.438667 0.044283 0.205333
0 0.369163 0.494667 0.026570 0.077333
0 0.399356 0.486667 0.027375 0.056000
0 0.433172 0.481333 0.024155 0.040000
0 0.272947 0.504000 0.030596 0.074667
0 0.049517 0.517333 0.055556 0.074667