0 0.495974 0.526667 0.043478 0.130667
0 0.233494 0.613333 0.115942 0.202667
0 0.753623 0.625333 0.194847 0.344000
0 0.624799 0.552000 0.098229 0.176000
0 0.599034 0.529333 0.054750 0.130667
0 0.596618 0.513333 0.057971 0.136000
0 0.531401 0.501333 0.009662 0.074667
0 0.526167 0.485333 0.008857 0.053333
0 0.318035 0.512000 0.049919 0.096000
0 0.351449 0.506667 0.023349 0.074667
0 0.371578 0.504000 0.021739 0.053333
0 0.400966 0.490667 0.020934 0.042667
0 0.294283 0.501333 0.026570 0.064000
0 0.088164 0.517333 0.020129 0.074667