0 0.505636 0.566667 0.054750 0.173333
0 0.728261 0.614667 0.158615 0.301333
0 0.613124 0.546667 0.074879 0.133333
0 0.567230 0.534667 0.044283 0.104000
0 0.080113 0.754667 0.160225 0.410667
0 0.361111 0.553333 0.055556 0.120000
0 0.425523 0.518667 0.033011 0.072000
0 0.218196 0.580000 0.098229 0.146667
0 0.283414 0.544000 0.053140 0.128000
0 0.469807 0.501333 0.023349 0.048000
0 0.347424 0.526667 0.042673 0.077333
0 0.401771 0.516000 0.025765 0.056000
0 0.084138 0.532000 0.090982 0.056000
0 0.132448 0.533333 0.020129 0.069333
0 0.536634 0.497333 0.018519 0.034667