0 0.514895 0.593333 0.070048 0.210667
0 0.646940 0.562667 0.107085 0.181333
0 0.582126 0.536000 0.040258 0.106667
0 0.556763 0.528000 0.028180 0.080000
0 0.059984 0.674667 0.119968 0.240000
0 0.383655 0.545333 0.039452 0.088000
0 0.443237 0.517333 0.026570 0.064000
0 0.475040 0.506667 0.020934 0.048000
0 0.291868 0.561333 0.063607 0.104000
0 0.331320 0.538667 0.039452 0.101333
0 0.372383 0.522667 0.036232 0.069333
0 0.422303 0.514667 0.024960 0.048000
0 0.188003 0.557333 0.068438 0.112000
0 0.160628 0.538667 0.041063 0.074667