0 0.514090 0.589333 0.066828 0.202667
0 0.652576 0.569333 0.110306 0.189333
0 0.583736 0.540000 0.041868 0.109333
0 0.557166 0.532000 0.030596 0.082667
0 0.049919 0.676000 0.099839 0.232000
0 0.366747 0.556000 0.050725 0.098667
0 0.437198 0.521333 0.028986 0.066667
0 0.470209 0.509333 0.020934 0.048000
0 0.286634 0.565333 0.066023 0.106667
0 0.327697 0.540000 0.038647 0.104000
0 0.374799 0.502667 0.028180 0.013333
0 0.417472 0.520000 0.021739 0.048000
0 0.180757 0.558667 0.070048 0.109333
0 0.151369 0.542667 0.033816 0.072000