0 0.528583 0.670667 0.131240 0.392000
0 0.976651 0.797333 0.046699 0.405333
0 0.630032 0.537333 0.094203 0.152000
0 0.576892 0.517333 0.034622 0.096000
0 0.559984 0.480000 0.013688 0.016000
0 0.372786 0.536000 0.043478 0.090667
0 0.110306 0.620000 0.144928 0.189333
0 0.453704 0.497333 0.023349 0.050667
0 0.487923 0.486667 0.017713 0.040000
0 0.313205 0.536000 0.056361 0.096000
0 0.346618 0.514667 0.033011 0.090667
0 0.388486 0.505333 0.028180 0.061333
0 0.430354 0.498667 0.026570 0.048000
0 0.221014 0.533333 0.058776 0.101333
0 0.196055 0.514667 0.028180 0.064000