0 0.517311 0.606667 0.079710 0.242667
0 0.637279 0.554667 0.100644 0.165333
0 0.578905 0.532000 0.038647 0.098667
0 0.556763 0.518667 0.023349 0.072000
0 0.134058 0.676000 0.171498 0.269333
0 0.067230 0.648000 0.134461 0.213333
0 0.412238 0.528000 0.033816 0.069333
0 0.460548 0.509333 0.024155 0.053333
0 0.486715 0.498667 0.016908 0.042667
0 0.304348 0.553333 0.059581 0.098667
0 0.339372 0.532000 0.039452 0.098667
0 0.382045 0.522667 0.033011 0.064000
0 0.431965 0.512000 0.016908 0.048000
0 0.202093 0.538667 0.045089 0.080000
0 0.180757 0.518667 0.039452 0.045333