0 0.515700 0.598667 0.071659 0.221333
0 0.642512 0.560000 0.103060 0.170667
0 0.580918 0.536000 0.039452 0.101333
0 0.557166 0.525333 0.028986 0.080000
0 0.067633 0.662667 0.135266 0.226667
0 0.393317 0.540000 0.039452 0.082667
0 0.449275 0.513333 0.025765 0.056000
0 0.479469 0.504000 0.018519 0.042667
0 0.296699 0.557333 0.061997 0.101333
0 0.334541 0.536000 0.037842 0.101333
0 0.376409 0.524000 0.031401 0.066667
0 0.425121 0.514667 0.025765 0.048000
0 0.195250 0.556000 0.066828 0.109333
0 0.169082 0.534667 0.040258 0.072000