0 0.537440 0.708000 0.155395 0.466667
0 0.971820 0.781333 0.056361 0.437333
0 0.631240 0.534667 0.090177 0.152000
0 0.578100 0.484000 0.030596 0.029333
0 0.557568 0.478667 0.013688 0.013333
0 0.410225 0.516000 0.031401 0.066667
0 0.112319 0.617333 0.145733 0.189333
0 0.470612 0.489333 0.021739 0.045333
0 0.313607 0.534667 0.057166 0.093333
0 0.347424 0.516000 0.034622 0.093333
0 0.385266 0.502667 0.028180 0.061333
0 0.431562 0.496000 0.020934 0.048000
0 0.221417 0.530667 0.059581 0.101333
0 0.196457 0.512000 0.027375 0.064000