0 0.518921 0.612000 0.086151 0.264000
0 0.635668 0.550667 0.099034 0.162667
0 0.577697 0.529333 0.037842 0.098667
0 0.556763 0.516000 0.020129 0.072000
0 0.212963 0.630667 0.119968 0.205333
0 0.084541 0.640000 0.161031 0.202667
0 0.420290 0.522667 0.032206 0.064000
0 0.465378 0.505333 0.022544 0.050667
0 0.490338 0.496000 0.016103 0.042667
0 0.306763 0.548000 0.059581 0.098667
0 0.341385 0.528000 0.038647 0.096000
0 0.384461 0.518667 0.034622 0.066667
0 0.431965 0.504000 0.018519 0.042667
0 0.203704 0.526667 0.046699 0.066667
0 0.183977 0.521333 0.037842 0.056000