0 0.516908 0.604000 0.077295 0.237333
0 0.638084 0.557333 0.100644 0.165333
0 0.579308 0.532000 0.039452 0.098667
0 0.555556 0.518667 0.020934 0.066667
0 0.092190 0.706667 0.184380 0.314667
0 0.052738 0.609333 0.105475 0.136000
0 0.408213 0.532000 0.035427 0.077333
0 0.458535 0.509333 0.023349 0.053333
0 0.485507 0.501333 0.017713 0.042667
0 0.302335 0.554667 0.060386 0.101333
0 0.338164 0.533333 0.038647 0.096000
0 0.380435 0.522667 0.031401 0.064000
0 0.429549 0.513333 0.018519 0.050667
0 0.196860 0.549333 0.049114 0.106667
0 0.174718 0.534667 0.037037 0.072000