0 0.533011 0.693333 0.144928 0.437333
0 0.972625 0.785333 0.054750 0.429333
0 0.630032 0.537333 0.094203 0.152000
0 0.578100 0.494667 0.030596 0.050667
0 0.561997 0.481333 0.009662 0.018667
0 0.394122 0.524000 0.036232 0.077333
0 0.112319 0.620000 0.145733 0.189333
0 0.462158 0.493333 0.022544 0.048000
0 0.313607 0.536000 0.057166 0.096000
0 0.347424 0.517333 0.034622 0.090667
0 0.384863 0.505333 0.027375 0.066667
0 0.430354 0.498667 0.024960 0.048000
0 0.220612 0.533333 0.057971 0.101333
0 0.197665 0.514667 0.029791 0.064000