0 0.527375 0.660000 0.122383 0.365333
0 0.981079 0.820000 0.037842 0.360000
0 0.630032 0.538667 0.094203 0.154667
0 0.577697 0.516000 0.033011 0.093333
0 0.559984 0.481333 0.013688 0.018667
0 0.359501 0.542667 0.049114 0.098667
0 0.109501 0.621333 0.148148 0.192000
0 0.448873 0.500000 0.024960 0.056000
0 0.484300 0.488000 0.018519 0.042667
0 0.311997 0.537333 0.055556 0.093333
0 0.345008 0.494667 0.034622 0.050667
0 0.388486 0.508000 0.028180 0.066667
0 0.428744 0.498667 0.024960 0.048000
0 0.214171 0.533333 0.046699 0.101333
0 0.195652 0.516000 0.027375 0.061333