0 0.502013 0.566667 0.057166 0.168000
0 0.809179 0.672000 0.202899 0.432000
0 0.629630 0.560000 0.083736 0.160000
0 0.573671 0.541333 0.049114 0.117333
0 0.285024 0.594667 0.093398 0.192000
0 0.397343 0.533333 0.042673 0.096000
0 0.167874 0.606667 0.126409 0.173333
0 0.251208 0.552000 0.059581 0.138667
0 0.453704 0.509333 0.028180 0.053333
0 0.336957 0.533333 0.037842 0.090667
0 0.045894 0.576000 0.040258 0.117333
0 0.075684 0.548000 0.053140 0.082667
0 0.522142 0.505333 0.016908 0.056000
0 0.544686 0.494667 0.016908 0.034667