0 0.501610 0.568000 0.056361 0.165333
0 0.869163 0.720000 0.234300 0.533333
0 0.639694 0.566667 0.089372 0.173333
0 0.578905 0.546667 0.054750 0.122667
0 0.228261 0.630667 0.131240 0.237333
0 0.383253 0.541333 0.051530 0.106667
0 0.136071 0.614667 0.128824 0.184000
0 0.240338 0.504000 0.063607 0.042667
0 0.445652 0.514667 0.029791 0.058667
0 0.325282 0.536000 0.051530 0.096000
0 0.405797 0.514667 0.014493 0.053333
0 0.016506 0.582667 0.033011 0.141333
0 0.050322 0.550667 0.061997 0.088000
0 0.525362 0.504000 0.018519 0.048000