0 0.535427 0.701333 0.151369 0.453333
0 0.972222 0.781333 0.055556 0.437333
0 0.630435 0.534667 0.091787 0.152000
0 0.578905 0.490667 0.033816 0.048000
0 0.560789 0.481333 0.016908 0.018667
0 0.404187 0.518667 0.030596 0.072000
0 0.112721 0.617333 0.144928 0.189333
0 0.465781 0.490667 0.021739 0.048000
0 0.313607 0.534667 0.057166 0.093333
0 0.347424 0.516000 0.034622 0.093333
0 0.384461 0.502667 0.026570 0.061333
0 0.429952 0.496000 0.024155 0.048000
0 0.221014 0.530667 0.058776 0.101333
0 0.196457 0.513333 0.028986 0.061333