0 0.516103 0.601333 0.072464 0.226667
0 0.640902 0.560000 0.103060 0.170667
0 0.580113 0.536000 0.039452 0.101333
0 0.556361 0.526667 0.025765 0.077333
0 0.035427 0.740000 0.070853 0.322667
0 0.082931 0.641333 0.115942 0.189333
0 0.398953 0.537333 0.037842 0.077333
0 0.453704 0.512000 0.021739 0.053333
0 0.481884 0.502667 0.018519 0.045333
0 0.298309 0.557333 0.061997 0.101333
0 0.335749 0.534667 0.038647 0.098667
0 0.377617 0.522667 0.030596 0.064000
0 0.426731 0.514667 0.024155 0.048000
0 0.194042 0.553333 0.056361 0.109333
0 0.169485 0.533333 0.041063 0.069333