0 0.526167 0.652000 0.118357 0.354667
0 0.983092 0.834667 0.033816 0.330667
0 0.631240 0.538667 0.095008 0.154667
0 0.577697 0.518667 0.031401 0.093333
0 0.558776 0.481333 0.014493 0.018667
0 0.351852 0.548000 0.051530 0.104000
0 0.108696 0.621333 0.149758 0.192000
0 0.446055 0.500000 0.025765 0.056000
0 0.483092 0.489333 0.019324 0.045333
0 0.310386 0.537333 0.052335 0.093333
0 0.345008 0.490667 0.034622 0.037333
0 0.388084 0.508000 0.030596 0.066667
0 0.428744 0.500000 0.023349 0.045333
0 0.219807 0.534667 0.059581 0.104000
0 0.196055 0.516000 0.028180 0.066667