0 0.536232 0.702667 0.152979 0.461333
0 0.972222 0.780000 0.055556 0.440000
0 0.630837 0.534667 0.090982 0.152000
0 0.582126 0.482667 0.022544 0.032000
0 0.566023 0.480000 0.019324 0.021333
0 0.406602 0.516000 0.032206 0.066667
0 0.112319 0.617333 0.145733 0.189333
0 0.468196 0.489333 0.021739 0.045333
0 0.313607 0.534667 0.057166 0.093333
0 0.347021 0.514667 0.035427 0.090667
0 0.384863 0.502667 0.027375 0.061333
0 0.430354 0.496000 0.023349 0.048000
0 0.221014 0.530667 0.058776 0.101333
0 0.196457 0.512000 0.030596 0.064000