0 0.520531 0.618667 0.090982 0.277333
0 0.633655 0.548000 0.098229 0.157333
0 0.577295 0.526667 0.035427 0.098667
0 0.558374 0.510667 0.018519 0.066667
0 0.262480 0.604000 0.091787 0.173333
0 0.093800 0.636000 0.158615 0.200000
0 0.427536 0.517333 0.030596 0.064000
0 0.469807 0.500000 0.021739 0.050667
0 0.315217 0.545333 0.045894 0.098667
0 0.343800 0.526667 0.037037 0.093333
0 0.384863 0.516000 0.032206 0.066667
0 0.441626 0.489333 0.005636 0.013333
0 0.208132 0.542667 0.047504 0.104000
0 0.188406 0.524000 0.032206 0.066667