0 0.502818 0.565333 0.057166 0.170667
0 0.787440 0.654667 0.191626 0.397333
0 0.625604 0.554667 0.082126 0.154667
0 0.572866 0.538667 0.049114 0.112000
0 0.305556 0.578667 0.082931 0.170667
0 0.403382 0.525333 0.040258 0.090667
0 0.179549 0.598667 0.119163 0.162667
0 0.260467 0.549333 0.060386 0.138667
0 0.456924 0.506667 0.026570 0.053333
0 0.341385 0.529333 0.033816 0.082667
0 0.387279 0.510667 0.012882 0.045333
0 0.041063 0.569333 0.080515 0.125333
0 0.087762 0.542667 0.048309 0.088000
0 0.542673 0.493333 0.019324 0.037333