0 0.521739 0.628000 0.096618 0.296000
0 0.631643 0.546667 0.095813 0.154667
0 0.577697 0.524000 0.034622 0.093333
0 0.557166 0.505333 0.019324 0.050667
0 0.299114 0.582667 0.071659 0.141333
0 0.100644 0.630667 0.154589 0.200000
0 0.432367 0.512000 0.025765 0.058667
0 0.473833 0.498667 0.021739 0.048000
0 0.312802 0.488000 0.052335 0.186667
0 0.345813 0.524000 0.034622 0.093333
0 0.386071 0.514667 0.033011 0.064000
0 0.422303 0.506667 0.010467 0.042667
0 0.215781 0.541333 0.057971 0.101333
0 0.190016 0.524000 0.027375 0.066667