0 0.514493 0.590667 0.067633 0.200000
0 0.649356 0.568000 0.108696 0.186667
0 0.583333 0.538667 0.042673 0.106667
0 0.557166 0.529333 0.030596 0.082667
0 0.055153 0.680000 0.110306 0.245333
0 0.374799 0.549333 0.047504 0.096000
0 0.439614 0.517333 0.027375 0.064000
0 0.472625 0.509333 0.020934 0.048000
0 0.289050 0.562667 0.066023 0.106667
0 0.329308 0.538667 0.038647 0.101333
0 0.376409 0.500000 0.026570 0.013333
0 0.420290 0.516000 0.022544 0.045333
0 0.183977 0.557333 0.070048 0.112000
0 0.157005 0.538667 0.040258 0.074667