0 0.501208 0.568000 0.057166 0.165333
0 0.891304 0.724000 0.217391 0.552000
0 0.644525 0.572000 0.094203 0.184000
0 0.580918 0.549333 0.055556 0.128000
0 0.186393 0.657333 0.161836 0.274667
0 0.370370 0.546667 0.045089 0.112000
0 0.120773 0.620000 0.138486 0.205333
0 0.237923 0.534667 0.065217 0.104000
0 0.442029 0.517333 0.032206 0.064000
0 0.322061 0.538667 0.051530 0.096000
0 0.403784 0.518667 0.016908 0.056000
0 0.036232 0.554667 0.067633 0.096000
0 0.526167 0.502667 0.018519 0.050667
0 0.270934 0.545333 0.007246 0.045333