0 0.501610 0.566667 0.057971 0.168000
0 0.932770 0.721333 0.134461 0.557333
0 0.657810 0.577333 0.101449 0.200000
0 0.585346 0.550667 0.056361 0.136000
0 0.094605 0.734667 0.189211 0.408000
0 0.353060 0.553333 0.060386 0.130667
0 0.214573 0.568000 0.082931 0.170667
0 0.432770 0.518667 0.034622 0.066667
0 0.491546 0.484000 0.018519 0.029333
0 0.311192 0.540000 0.050725 0.098667
0 0.394122 0.518667 0.029791 0.061333
0 0.021337 0.554667 0.042673 0.090667
0 0.530193 0.498667 0.018519 0.048000
0 0.256039 0.532000 0.016103 0.082667