0 0.507649 0.572000 0.057166 0.173333
0 0.700886 0.594667 0.142512 0.261333
0 0.604267 0.544000 0.066828 0.128000
0 0.564412 0.533333 0.040258 0.096000
0 0.193237 0.650667 0.146538 0.245333
0 0.386876 0.541333 0.044283 0.101333
0 0.441224 0.517333 0.024155 0.064000
0 0.252013 0.565333 0.061192 0.112000
0 0.298309 0.545333 0.049114 0.120000
0 0.478261 0.501333 0.020934 0.042667
0 0.354670 0.529333 0.037842 0.077333
0 0.413849 0.517333 0.017713 0.053333
0 0.108696 0.576000 0.098229 0.138667
0 0.114734 0.530667 0.094203 0.064000
0 0.533816 0.500000 0.017713 0.040000