0 0.502415 0.560000 0.057971 0.170667
0 0.672705 0.582667 0.111916 0.221333
0 0.595008 0.552000 0.066023 0.144000
0 0.015298 0.809333 0.030596 0.381333
0 0.327697 0.560000 0.074074 0.154667
0 0.079308 0.644000 0.150564 0.237333
0 0.193639 0.568000 0.094203 0.186667
0 0.423108 0.517333 0.037842 0.074667
0 0.486715 0.488000 0.021739 0.053333
0 0.295491 0.534667 0.041868 0.098667
0 0.386876 0.513333 0.037842 0.061333
0 0.012480 0.549333 0.015298 0.085333
0 0.533414 0.494667 0.020129 0.045333
0 0.244767 0.530667 0.017713 0.074667