0 0.506039 0.568000 0.055556 0.170667
0 0.739936 0.620000 0.165862 0.322667
0 0.615942 0.549333 0.075684 0.138667
0 0.568035 0.534667 0.044283 0.104000
0 0.047504 0.742667 0.095008 0.349333
0 0.350242 0.556000 0.059581 0.130667
0 0.420290 0.521333 0.035427 0.077333
0 0.209742 0.586667 0.103865 0.154667
0 0.278180 0.545333 0.053945 0.130667
0 0.466586 0.502667 0.023349 0.050667
0 0.342995 0.522667 0.045089 0.069333
0 0.398551 0.516000 0.022544 0.056000
0 0.070048 0.550667 0.098229 0.093333
0 0.123188 0.537333 0.022544 0.072000
0 0.538245 0.496000 0.018519 0.037333