0 0.502013 0.562667 0.058776 0.170667
0 0.966586 0.729333 0.066828 0.541333
0 0.664654 0.580000 0.107085 0.210667
0 0.589372 0.552000 0.059581 0.138667
0 0.062802 0.733333 0.125604 0.405333
0 0.341385 0.557333 0.067633 0.138667
0 0.119163 0.616000 0.098229 0.176000
0 0.204106 0.566667 0.087762 0.178667
0 0.427939 0.517333 0.036232 0.074667
0 0.488728 0.489333 0.019324 0.045333
0 0.303543 0.537333 0.046699 0.098667
0 0.390097 0.518667 0.036232 0.066667
0 0.010870 0.514667 0.021739 0.021333
0 0.531401 0.497333 0.019324 0.045333
0 0.251610 0.529333 0.015298 0.072000