0 0.519726 0.614667 0.087762 0.274667
0 0.634461 0.549333 0.098229 0.160000
0 0.577697 0.526667 0.036232 0.098667
0 0.557166 0.513333 0.019324 0.066667
0 0.239936 0.617333 0.106280 0.189333
0 0.090177 0.637333 0.159420 0.202667
0 0.423913 0.520000 0.031401 0.064000
0 0.467391 0.502667 0.021739 0.050667
0 0.492351 0.496000 0.016908 0.042667
0 0.310789 0.548000 0.053140 0.098667
0 0.342593 0.528000 0.039452 0.096000
0 0.385668 0.516000 0.033816 0.066667
0 0.440016 0.504000 0.005636 0.032000
0 0.204106 0.541333 0.045894 0.101333
0 0.185185 0.526667 0.032206 0.066667