0 0.512882 0.586667 0.064412 0.197333
0 0.658615 0.572000 0.114332 0.200000
0 0.586554 0.540000 0.045894 0.109333
0 0.557568 0.532000 0.031401 0.082667
0 0.037842 0.673333 0.075684 0.216000
0 0.350242 0.564000 0.057971 0.114667
0 0.428744 0.528000 0.029791 0.069333
0 0.465378 0.510667 0.022544 0.050667
0 0.279388 0.568000 0.069243 0.112000
0 0.321256 0.538667 0.038647 0.101333
0 0.373188 0.528000 0.031401 0.064000
0 0.413849 0.518667 0.014493 0.045333
0 0.170290 0.564000 0.074879 0.120000
0 0.146135 0.540000 0.045894 0.082667