0 0.529791 0.676000 0.136876 0.408000
0 0.975443 0.793333 0.049114 0.413333
0 0.630032 0.537333 0.094203 0.152000
0 0.578100 0.506667 0.030596 0.074667
0 0.557568 0.481333 0.015298 0.018667
0 0.378824 0.532000 0.041063 0.082667
0 0.111111 0.620000 0.144928 0.189333
0 0.456924 0.496000 0.020129 0.048000
0 0.489533 0.486667 0.017713 0.040000
0 0.313205 0.536000 0.056361 0.096000
0 0.347424 0.517333 0.033011 0.090667
0 0.388486 0.504000 0.028180 0.058667
0 0.429147 0.497333 0.025765 0.045333
0 0.221014 0.533333 0.058776 0.101333
0 0.196055 0.514667 0.026570 0.058667