0 0.509259 0.577333 0.060386 0.178667
0 0.686393 0.588000 0.132850 0.242667
0 0.598631 0.545333 0.058776 0.120000
0 0.563607 0.534667 0.040258 0.093333
0 0.256844 0.620000 0.104670 0.194667
0 0.400161 0.540000 0.040258 0.088000
0 0.446860 0.516000 0.025765 0.061333
0 0.245974 0.560000 0.070048 0.085333
0 0.304750 0.541333 0.047504 0.106667
0 0.483494 0.504000 0.020129 0.042667
0 0.360709 0.530667 0.038647 0.074667
0 0.418277 0.514667 0.013688 0.048000
0 0.128422 0.573333 0.089372 0.133333
0 0.111916 0.532000 0.048309 0.061333
0 0.529791 0.498667 0.019324 0.042667