0 0.524960 0.648000 0.112721 0.341333
0 0.986312 0.822667 0.027375 0.354667
0 0.630435 0.541333 0.095008 0.154667
0 0.577295 0.518667 0.032206 0.093333
0 0.559179 0.488000 0.021739 0.032000
0 0.343800 0.554667 0.054750 0.106667
0 0.107085 0.624000 0.149758 0.192000
0 0.444444 0.504000 0.025765 0.058667
0 0.481079 0.492000 0.020129 0.045333
0 0.307971 0.536000 0.050725 0.090667
0 0.347424 0.493333 0.036232 0.042667
0 0.386473 0.509333 0.032206 0.064000
0 0.427134 0.501333 0.021739 0.048000
0 0.220209 0.536000 0.060386 0.101333
0 0.194042 0.518667 0.027375 0.066667