0 0.506844 0.569333 0.055556 0.173333
0 0.717391 0.606667 0.152979 0.285333
0 0.610709 0.545333 0.071659 0.130667
0 0.566023 0.533333 0.041868 0.101333
0 0.103462 0.708000 0.206924 0.333333
0 0.371176 0.548000 0.051530 0.114667
0 0.433575 0.520000 0.024960 0.069333
0 0.233897 0.577333 0.078100 0.141333
0 0.288245 0.545333 0.051530 0.125333
0 0.473027 0.502667 0.021739 0.045333
0 0.345411 0.528000 0.032206 0.074667
0 0.406200 0.517333 0.023349 0.053333
0 0.083736 0.566667 0.101449 0.120000
0 0.138889 0.522667 0.018519 0.042667
0 0.536232 0.497333 0.017713 0.034667