0 0.528180 0.665333 0.127214 0.381333
0 0.978261 0.806667 0.043478 0.386667
0 0.630032 0.538667 0.094203 0.154667
0 0.576490 0.517333 0.033816 0.096000
0 0.559179 0.481333 0.013688 0.018667
0 0.366345 0.538667 0.043478 0.090667
0 0.109903 0.620000 0.147343 0.189333
0 0.450886 0.498667 0.025765 0.053333
0 0.486715 0.488000 0.020129 0.042667
0 0.312802 0.537333 0.057166 0.093333
0 0.345813 0.513333 0.034622 0.088000
0 0.388889 0.506667 0.027375 0.064000
0 0.429549 0.497333 0.024960 0.045333
0 0.220209 0.533333 0.058776 0.101333
0 0.196860 0.513333 0.031401 0.066667