0 0.503623 0.565333 0.057166 0.170667
0 0.768519 0.642667 0.182770 0.368000
0 0.621981 0.553333 0.079710 0.146667
0 0.571256 0.537333 0.047504 0.109333
0 0.322866 0.573333 0.074074 0.149333
0 0.409018 0.524000 0.038647 0.088000
0 0.190419 0.594667 0.113527 0.160000
0 0.266506 0.549333 0.056361 0.138667
0 0.460950 0.505333 0.026570 0.050667
0 0.338164 0.525333 0.045089 0.074667
0 0.390499 0.516000 0.014493 0.050667
0 0.047504 0.586667 0.095008 0.160000
0 0.106683 0.544000 0.028180 0.090667
0 0.541465 0.493333 0.020129 0.037333