0 0.523752 0.637333 0.103865 0.320000
0 0.996377 0.826667 0.007246 0.346667
0 0.631240 0.544000 0.095008 0.154667
0 0.577295 0.524000 0.033816 0.093333
0 0.557568 0.496000 0.018519 0.037333
0 0.323671 0.569333 0.062802 0.125333
0 0.105072 0.628000 0.152174 0.194667
0 0.439211 0.510667 0.026570 0.056000
0 0.477858 0.496000 0.020129 0.048000
0 0.303945 0.541333 0.042673 0.090667
0 0.345008 0.520000 0.036232 0.085333
0 0.386473 0.513333 0.032206 0.066667
0 0.423913 0.502667 0.015298 0.040000
0 0.218196 0.538667 0.059581 0.101333
0 0.193237 0.520000 0.033816 0.064000