0 0.514895 0.596000 0.070048 0.216000
0 0.644525 0.562667 0.105475 0.176000
0 0.581723 0.536000 0.041063 0.106667
0 0.556361 0.528000 0.027375 0.080000
0 0.064010 0.669333 0.128019 0.234667
0 0.388084 0.542667 0.041868 0.082667
0 0.446457 0.516000 0.026570 0.056000
0 0.477456 0.505333 0.019324 0.045333
0 0.294283 0.560000 0.063607 0.101333
0 0.332528 0.537333 0.038647 0.098667
0 0.373994 0.525333 0.034622 0.069333
0 0.422303 0.514667 0.026570 0.048000
0 0.192029 0.556000 0.066828 0.109333
0 0.164654 0.537333 0.037842 0.072000