0 0.512480 0.584000 0.063607 0.192000
0 0.662238 0.574667 0.116747 0.205333
0 0.588567 0.541333 0.046699 0.112000
0 0.557568 0.533333 0.031401 0.085333
0 0.031401 0.674667 0.062802 0.213333
0 0.339775 0.570667 0.061192 0.128000
0 0.423913 0.526667 0.031401 0.072000
0 0.462560 0.512000 0.023349 0.053333
0 0.275362 0.570667 0.070853 0.112000
0 0.318438 0.528000 0.036232 0.080000
0 0.373188 0.530667 0.029791 0.069333
0 0.411031 0.518667 0.013688 0.045333
0 0.164251 0.565333 0.077295 0.122667
0 0.138889 0.537333 0.041063 0.066667