0 0.501610 0.568000 0.057971 0.170667
0 0.908615 0.724000 0.182770 0.552000
0 0.650161 0.574667 0.099034 0.189333
0 0.583333 0.550667 0.057166 0.130667
0 0.129227 0.686667 0.210145 0.328000
0 0.363124 0.550667 0.054750 0.120000
0 0.088567 0.613333 0.117552 0.197333
0 0.229066 0.558667 0.068438 0.146667
0 0.437601 0.517333 0.033011 0.064000
0 0.317230 0.540000 0.053140 0.098667
0 0.398551 0.518667 0.022544 0.056000
0 0.029791 0.560000 0.059581 0.101333
0 0.528583 0.501333 0.018519 0.048000
0 0.264090 0.534667 0.011272 0.061333