0 0.516103 0.602667 0.075684 0.229333
0 0.639694 0.558667 0.102254 0.168000
0 0.580515 0.534667 0.041868 0.098667
0 0.556361 0.520000 0.025765 0.069333
0 0.068035 0.748000 0.136071 0.376000
0 0.096618 0.630667 0.099839 0.168000
0 0.403382 0.534667 0.037037 0.077333
0 0.456522 0.510667 0.022544 0.056000
0 0.483092 0.501333 0.017713 0.042667
0 0.300725 0.554667 0.060386 0.101333
0 0.337359 0.534667 0.038647 0.098667
0 0.378824 0.522667 0.029791 0.064000
0 0.427939 0.513333 0.021739 0.045333
0 0.194444 0.552000 0.049114 0.106667
0 0.173108 0.532000 0.037037 0.066667