0 0.524557 0.642667 0.108696 0.330667
0 0.988728 0.824000 0.022544 0.352000
0 0.631240 0.542667 0.095008 0.152000
0 0.576892 0.518667 0.033011 0.093333
0 0.556763 0.494667 0.020129 0.034667
0 0.334541 0.560000 0.058776 0.112000
0 0.107085 0.626667 0.149758 0.192000
0 0.441224 0.508000 0.025765 0.056000
0 0.479469 0.493333 0.020129 0.048000
0 0.304750 0.537333 0.042673 0.088000
0 0.345008 0.508000 0.039452 0.066667
0 0.386876 0.510667 0.031401 0.061333
0 0.425121 0.502667 0.017713 0.045333
0 0.212963 0.538667 0.045894 0.101333
0 0.195250 0.518667 0.029791 0.066667