0 0.513285 0.589333 0.065217 0.197333
0 0.654992 0.572000 0.111916 0.194667
0 0.585749 0.540000 0.044283 0.109333
0 0.557568 0.532000 0.031401 0.082667
0 0.044283 0.673333 0.088567 0.221333
0 0.358696 0.560000 0.053945 0.106667
0 0.433172 0.525333 0.028986 0.069333
0 0.467794 0.510667 0.022544 0.050667
0 0.283011 0.566667 0.068438 0.109333
0 0.325684 0.540000 0.039452 0.104000
0 0.376006 0.528000 0.027375 0.064000
0 0.415459 0.518667 0.017713 0.045333
0 0.178341 0.558667 0.066828 0.109333
0 0.148148 0.532000 0.035427 0.050667