0 0.534219 0.697333 0.148953 0.450667
0 0.972222 0.784000 0.055556 0.432000
0 0.630435 0.537333 0.091787 0.152000
0 0.578502 0.493333 0.029791 0.048000
0 0.558374 0.481333 0.015298 0.018667
0 0.398551 0.521333 0.035427 0.072000
0 0.112319 0.620000 0.145733 0.189333
0 0.464171 0.493333 0.023349 0.048000
0 0.313607 0.536000 0.057166 0.096000
0 0.347826 0.516000 0.033816 0.093333
0 0.384863 0.502667 0.027375 0.061333
0 0.429147 0.497333 0.025765 0.045333
0 0.221014 0.533333 0.058776 0.101333
0 0.196055 0.514667 0.029791 0.064000