0 0.507649 0.570667 0.055556 0.176000
0 0.708937 0.601333 0.147343 0.274667
0 0.607890 0.545333 0.069243 0.130667
0 0.565217 0.534667 0.041868 0.098667
0 0.150161 0.674667 0.184380 0.277333
0 0.379227 0.544000 0.048309 0.106667
0 0.437198 0.518667 0.025765 0.066667
0 0.247585 0.574667 0.061997 0.130667
0 0.293076 0.544000 0.049919 0.122667
0 0.475845 0.502667 0.022544 0.045333
0 0.351852 0.528000 0.038647 0.074667
0 0.411031 0.514667 0.026570 0.053333
0 0.086554 0.580000 0.078100 0.141333
0 0.146940 0.522667 0.015298 0.042667
0 0.535024 0.498667 0.016908 0.037333