0 0.501610 0.568000 0.056361 0.165333
0 0.835749 0.693333 0.215781 0.480000
0 0.634461 0.562667 0.086957 0.165333
0 0.576490 0.542667 0.051530 0.120000
0 0.259662 0.608000 0.110306 0.208000
0 0.390097 0.536000 0.047504 0.101333
0 0.154589 0.609333 0.130435 0.178667
0 0.245169 0.525333 0.063607 0.085333
0 0.450081 0.510667 0.028986 0.056000
0 0.331320 0.534667 0.045894 0.093333
0 0.409823 0.505333 0.006441 0.034667
0 0.026570 0.578667 0.048309 0.133333
0 0.064412 0.548000 0.057971 0.088000
0 0.523349 0.502667 0.016103 0.050667