0 0.531804 0.682667 0.139291 0.421333
0 0.974638 0.790667 0.050725 0.418667
0 0.630435 0.537333 0.095008 0.152000
0 0.578100 0.501333 0.030596 0.064000
0 0.559984 0.480000 0.012077 0.016000
0 0.384461 0.528000 0.039452 0.080000
0 0.111514 0.620000 0.145733 0.189333
0 0.458132 0.496000 0.022544 0.048000
0 0.491143 0.484000 0.017713 0.040000
0 0.313205 0.536000 0.056361 0.096000
0 0.347826 0.517333 0.035427 0.090667
0 0.386876 0.482667 0.024960 0.016000
0 0.429952 0.498667 0.025765 0.048000
0 0.220612 0.533333 0.057971 0.101333
0 0.196457 0.514667 0.027375 0.064000