0 0.537842 0.706667 0.156200 0.469333
0 0.972222 0.780000 0.055556 0.440000
0 0.631643 0.533333 0.090982 0.154667
0 0.577697 0.484000 0.031401 0.034667
0 0.557971 0.476000 0.016103 0.013333
0 0.413446 0.512000 0.029791 0.064000
0 0.112319 0.616000 0.145733 0.186667
0 0.472222 0.488000 0.021739 0.042667
0 0.313607 0.533333 0.057166 0.096000
0 0.347021 0.513333 0.035427 0.093333
0 0.386071 0.502667 0.029791 0.061333
0 0.432367 0.494667 0.019324 0.045333
0 0.221014 0.529333 0.058776 0.098667
0 0.197665 0.512000 0.029791 0.064000