0 0.518116 0.609333 0.082931 0.253333
0 0.635668 0.553333 0.099034 0.162667
0 0.578100 0.528000 0.040258 0.096000
0 0.556763 0.517333 0.020129 0.069333
0 0.170290 0.649333 0.126409 0.226667
0 0.074879 0.642667 0.149758 0.208000
0 0.416667 0.524000 0.033011 0.066667
0 0.462963 0.506667 0.022544 0.053333
0 0.489130 0.497333 0.016908 0.040000
0 0.305153 0.550667 0.059581 0.098667
0 0.340982 0.530667 0.037842 0.096000
0 0.383655 0.518667 0.034622 0.066667
0 0.435185 0.509333 0.013688 0.042667
0 0.205314 0.517333 0.046699 0.042667
0 0.179952 0.520000 0.034622 0.048000