0 0.533011 0.689333 0.141707 0.429333
0 0.973430 0.788000 0.053140 0.424000
0 0.630032 0.537333 0.094203 0.152000
0 0.578502 0.500000 0.031401 0.061333
0 0.558776 0.478667 0.016103 0.018667
0 0.389694 0.526667 0.037037 0.077333
0 0.111916 0.620000 0.146538 0.189333
0 0.459742 0.496000 0.022544 0.048000
0 0.492351 0.482667 0.016908 0.037333
0 0.313607 0.536000 0.057166 0.096000
0 0.347424 0.517333 0.033011 0.090667
0 0.384058 0.505333 0.028986 0.061333
0 0.429952 0.498667 0.025765 0.048000
0 0.220612 0.533333 0.057971 0.101333
0 0.198068 0.514667 0.030596 0.064000