0 0.508857 0.574667 0.059581 0.173333
0 0.694042 0.590667 0.136876 0.253333
0 0.601449 0.544000 0.062802 0.122667
0 0.563607 0.533333 0.040258 0.096000
0 0.223833 0.630667 0.112721 0.216000
0 0.394122 0.538667 0.042673 0.096000
0 0.443639 0.517333 0.025765 0.064000
0 0.256844 0.521333 0.046699 0.018667
0 0.305556 0.544000 0.041063 0.117333
0 0.481079 0.502667 0.020129 0.040000
0 0.358293 0.529333 0.038647 0.077333
0 0.416264 0.517333 0.016103 0.053333
0 0.118760 0.574667 0.092593 0.136000
0 0.092190 0.538667 0.021739 0.037333
0 0.530596 0.500000 0.019324 0.040000