0 0.521337 0.624000 0.092593 0.288000
0 0.632448 0.545333 0.097424 0.157333
0 0.575282 0.526667 0.037842 0.093333
0 0.557568 0.506667 0.016908 0.053333
0 0.281401 0.590667 0.082931 0.152000
0 0.097826 0.632000 0.155395 0.197333
0 0.430354 0.514667 0.028180 0.058667
0 0.471417 0.498667 0.021739 0.048000
0 0.317633 0.540000 0.041063 0.088000
0 0.343800 0.525333 0.038647 0.096000
0 0.386473 0.514667 0.033816 0.064000
0 0.429147 0.496000 0.020934 0.016000
0 0.209340 0.541333 0.048309 0.101333
0 0.190419 0.521333 0.034622 0.061333