0 0.505233 0.568000 0.055556 0.170667
0 0.753623 0.630667 0.173913 0.344000
0 0.618760 0.550667 0.078100 0.141333
0 0.570048 0.536000 0.046699 0.106667
0 0.337359 0.562667 0.066023 0.144000
0 0.414251 0.522667 0.036232 0.080000
0 0.200886 0.588000 0.107085 0.152000
0 0.273349 0.549333 0.057166 0.133333
0 0.463768 0.505333 0.024155 0.050667
0 0.337359 0.509333 0.038647 0.037333
0 0.395330 0.516000 0.019324 0.050667
0 0.053945 0.586667 0.107890 0.154667
0 0.110709 0.545333 0.034622 0.093333
0 0.539452 0.496000 0.017713 0.037333