0 0.522947 0.633333 0.100644 0.306667
0 0.631643 0.546667 0.095813 0.154667
0 0.577295 0.524000 0.035427 0.093333
0 0.556763 0.501333 0.016908 0.048000
0 0.311594 0.574667 0.069243 0.136000
0 0.103060 0.629333 0.154589 0.197333
0 0.435990 0.512000 0.026570 0.058667
0 0.476248 0.497333 0.021739 0.050667
0 0.308374 0.522667 0.046699 0.058667
0 0.344605 0.524000 0.037037 0.093333
0 0.386071 0.514667 0.033011 0.064000
0 0.422303 0.505333 0.013688 0.040000
0 0.216989 0.541333 0.058776 0.101333
0 0.192432 0.522667 0.028986 0.064000